================================================================================
# Statistical Test on PRECISION
Friedman test statistic = 54.0651, p-value = 0.0000
Significant differences detected by Friedman test.

Nemenyi post-hoc test p-values:
            MB      H_VB      H_EM      H_GD             T             L            HL
MB    1.000000  0.830311  0.129608  1.000000  2.001147e-03  6.454727e-01  2.001147e-03
H_VB  0.830311  1.000000  0.877672  0.877672  1.464634e-01  4.278738e-02  1.464634e-01
H_EM  0.129608  0.877672  1.000000  0.164894  8.550638e-01  4.390960e-04  8.550638e-01
H_GD  1.000000  0.877672  0.164894  1.000000  3.006175e-03  5.755324e-01  3.006175e-03
T     0.002001  0.146463  0.855064  0.003006  1.000000e+00  6.400865e-07  1.000000e+00
L     0.645473  0.042787  0.000439  0.575532  6.400865e-07  1.000000e+00  6.400865e-07
HL    0.002001  0.146463  0.855064  0.003006  1.000000e+00  6.400865e-07  1.000000e+00

================================================================================
# Statistical Test on RECALL
Friedman test statistic = 52.7631, p-value = 0.0000
Significant differences detected by Friedman test.

Nemenyi post-hoc test p-values:
            MB      H_VB      H_EM      H_GD         T         L        HL
MB    1.000000  0.830311  0.129608  1.000000  0.002001  0.774849  0.002001
H_VB  0.830311  1.000000  0.877672  0.774849  0.146463  0.076617  0.146463
H_EM  0.129608  0.877672  1.000000  0.100376  0.855064  0.001063  0.855064
H_GD  1.000000  0.774849  0.100376  1.000000  0.001316  0.830311  0.001316
T     0.002001  0.146463  0.855064  0.001316  1.000000  0.000002  1.000000
L     0.774849  0.076617  0.001063  0.830311  0.000002  1.000000  0.000002
HL    0.002001  0.146463  0.855064  0.001316  1.000000  0.000002  1.000000

================================================================================
# Statistical Test on F1
Friedman test statistic = 54.0651, p-value = 0.0000
Significant differences detected by Friedman test.

Nemenyi post-hoc test p-values:
            MB      H_VB      H_EM      H_GD             T             L            HL
MB    1.000000  0.877672  0.164894  1.000000  3.006175e-03  5.755324e-01  3.006175e-03
H_VB  0.877672  1.000000  0.877672  0.830311  1.464634e-01  4.278738e-02  1.464634e-01
H_EM  0.164894  0.877672  1.000000  0.129608  8.550638e-01  4.390960e-04  8.550638e-01
H_GD  1.000000  0.830311  0.129608  1.000000  2.001147e-03  6.454727e-01  2.001147e-03
T     0.003006  0.146463  0.855064  0.002001  1.000000e+00  6.400865e-07  1.000000e+00
L     0.575532  0.042787  0.000439  0.645473  6.400865e-07  1.000000e+00  6.400865e-07
HL    0.003006  0.146463  0.855064  0.002001  1.000000e+00  6.400865e-07  1.000000e+00

================================================================================
# Statistical Test on AUC
Friedman test statistic = 38.5126, p-value = 0.0000
Significant differences detected by Friedman test.

Nemenyi post-hoc test p-values:
            MB      H_VB      H_EM      H_GD         T         L        HL
MB    1.000000  1.000000  0.830311  0.999993  0.129608  0.129608  0.206646
H_VB  1.000000  1.000000  0.877672  0.999928  0.164894  0.100376  0.255021
H_EM  0.830311  0.877672  1.000000  0.712624  0.877672  0.001625  0.945976
H_GD  0.999993  0.999928  0.712624  1.000000  0.076617  0.206646  0.129608
T     0.129608  0.164894  0.877672  0.076617  1.000000  0.000005  0.999993
L     0.129608  0.100376  0.001625  0.206646  0.000005  1.000000  0.000014
HL    0.206646  0.255021  0.945976  0.129608  0.999993  0.000014  1.000000