================================================================================
# Statistical Test on PRECISION
Friedman test statistic = 34.9180, p-value = 0.0000
Significant differences detected by Friedman test.

Nemenyi post-hoc test p-values:
            MB      H_VB      H_EM      H_GD         T         L        HL
MB    1.000000  0.999999  0.898068  0.999999  0.855064  0.184945  0.309844
H_VB  0.999999  1.000000  0.945976  1.000000  0.916230  0.129608  0.230008
H_EM  0.898068  0.945976  1.000000  0.945976  1.000000  0.005411  0.013551
H_GD  0.999999  1.000000  0.945976  1.000000  0.916230  0.129608  0.230008
T     0.855064  0.916230  1.000000  0.916230  1.000000  0.003668  0.009475
L     0.184945  0.129608  0.005411  0.129608  0.003668  1.000000  0.999975
HL    0.309844  0.230008  0.013551  0.230008  0.009475  0.999975  1.000000

================================================================================
# Statistical Test on RECALL
Friedman test statistic = 34.9180, p-value = 0.0000
Significant differences detected by Friedman test.

Nemenyi post-hoc test p-values:
            MB      H_VB      H_EM      H_GD         T         L        HL
MB    1.000000  0.999999  0.898068  0.999999  0.855064  0.184945  0.309844
H_VB  0.999999  1.000000  0.945976  1.000000  0.916230  0.129608  0.230008
H_EM  0.898068  0.945976  1.000000  0.945976  1.000000  0.005411  0.013551
H_GD  0.999999  1.000000  0.945976  1.000000  0.916230  0.129608  0.230008
T     0.855064  0.916230  1.000000  0.916230  1.000000  0.003668  0.009475
L     0.184945  0.129608  0.005411  0.129608  0.003668  1.000000  0.999975
HL    0.309844  0.230008  0.013551  0.230008  0.009475  0.999975  1.000000

================================================================================
# Statistical Test on F1
Friedman test statistic = 35.1148, p-value = 0.0000
Significant differences detected by Friedman test.

Nemenyi post-hoc test p-values:
            MB      H_VB      H_EM      H_GD         T         L        HL
MB    1.000000  0.999999  0.898068  0.999999  0.855064  0.146463  0.370538
H_VB  0.999999  1.000000  0.945976  1.000000  0.916230  0.100376  0.281653
H_EM  0.898068  0.945976  1.000000  0.945976  1.000000  0.003668  0.019133
H_GD  0.999999  1.000000  0.945976  1.000000  0.916230  0.100376  0.281653
T     0.855064  0.916230  1.000000  0.916230  1.000000  0.002456  0.013551
L     0.146463  0.100376  0.003668  0.100376  0.002456  1.000000  0.999241
HL    0.370538  0.281653  0.019133  0.281653  0.013551  0.999241  1.000000

================================================================================
# Statistical Test on AUC
Friedman test statistic = 56.1064, p-value = 0.0000
Significant differences detected by Friedman test.

Nemenyi post-hoc test p-values:
            MB      H_VB      H_EM      H_GD         T         L        HL
MB    1.000000  0.999928  0.999928  0.999928  1.000000  0.011349  0.011349
H_VB  0.999928  1.000000  1.000000  1.000000  0.999993  0.003668  0.003668
H_EM  0.999928  1.000000  1.000000  1.000000  0.999993  0.003668  0.003668
H_GD  0.999928  1.000000  1.000000  1.000000  0.999993  0.003668  0.003668
T     1.000000  0.999993  0.999993  0.999993  1.000000  0.007886  0.007886
L     0.011349  0.003668  0.003668  0.003668  0.007886  1.000000  1.000000
HL    0.011349  0.003668  0.003668  0.003668  0.007886  1.000000  1.000000