================================================================================
# Statistical Test on PRECISION
Friedman test statistic = 47.3064, p-value = 0.0000
Significant differences detected by Friedman test.

Nemenyi post-hoc test p-values:
            MB      H_VB      H_EM      H_GD         T         L        HL
MB    1.000000  0.540215  0.146463  0.436086  0.164894  0.505031  0.505031
H_VB  0.540215  1.000000  0.991137  0.999999  0.994057  0.004462  0.004462
H_EM  0.146463  0.991137  1.000000  0.997636  1.000000  0.000220  0.000220
H_GD  0.436086  0.999999  0.997636  1.000000  0.998617  0.002456  0.002456
T     0.164894  0.994057  1.000000  0.998617  1.000000  0.000277  0.000277
L     0.505031  0.004462  0.000220  0.002456  0.000277  1.000000  1.000000
HL    0.505031  0.004462  0.000220  0.002456  0.000277  1.000000  1.000000

================================================================================
# Statistical Test on RECALL
Friedman test statistic = 48.1541, p-value = 0.0000
Significant differences detected by Friedman test.

Nemenyi post-hoc test p-values:
            MB      H_VB      H_EM      H_GD         T         L        HL
MB    1.000000  0.436086  0.100376  0.436086  0.184945  0.339510  0.744477
H_VB  0.436086  1.000000  0.991137  1.000000  0.999241  0.000856  0.009475
H_EM  0.100376  0.991137  1.000000  0.991137  0.999975  0.000031  0.000550
H_GD  0.436086  1.000000  0.991137  1.000000  0.999241  0.000856  0.009475
T     0.184945  0.999241  0.999975  0.999241  1.000000  0.000107  0.001625
L     0.339510  0.000856  0.000031  0.000856  0.000107  1.000000  0.996166
HL    0.744477  0.009475  0.000550  0.009475  0.001625  0.996166  1.000000

================================================================================
# Statistical Test on F1
Friedman test statistic = 49.1826, p-value = 0.0000
Significant differences detected by Friedman test.

Nemenyi post-hoc test p-values:
            MB      H_VB      H_EM      H_GD         T         L        HL
MB    1.000000  0.339510  0.036671  0.255021  0.206646  0.436086  0.830311
H_VB  0.339510  1.000000  0.967552  0.999999  0.999975  0.000856  0.009475
H_EM  0.036671  0.967552  1.000000  0.987221  0.994057  0.000011  0.000220
H_GD  0.255021  0.999999  0.987221  1.000000  1.000000  0.000439  0.005411
T     0.206646  0.999975  0.994057  1.000000  1.000000  0.000277  0.003668
L     0.436086  0.000856  0.000011  0.000439  0.000277  1.000000  0.996166
HL    0.830311  0.009475  0.000220  0.005411  0.003668  0.996166  1.000000

================================================================================
# Statistical Test on AUC
Friedman test statistic = 48.3062, p-value = 0.0000
Significant differences detected by Friedman test.

Nemenyi post-hoc test p-values:
            MB      H_VB      H_EM      H_GD         T         L        HL
MB    1.000000  0.803522  0.100376  0.402786  0.470241  0.402786  0.402786
H_VB  0.803522  1.000000  0.855064  0.996166  0.998617  0.011349  0.011349
H_EM  0.100376  0.855064  1.000000  0.994057  0.987221  0.000051  0.000051
H_GD  0.402786  0.996166  0.994057  1.000000  1.000000  0.001063  0.001063
T     0.470241  0.998617  0.987221  1.000000  1.000000  0.001625  0.001625
L     0.402786  0.011349  0.000051  0.001063  0.001625  1.000000  1.000000
HL    0.402786  0.011349  0.000051  0.001063  0.001625  1.000000  1.000000