================================================================================
# Statistical Test on PRECISION
Friedman test statistic = 45.3347, p-value = 0.0000
Significant differences detected by Friedman test.

Nemenyi post-hoc test p-values:
            MB      H_VB      H_EM      H_GD         T         L        HL
MB    1.000000  0.164894  0.164894  0.076617  0.100376  0.803522  0.991137
H_VB  0.164894  1.000000  1.000000  0.999928  0.999993  0.002001  0.022624
H_EM  0.164894  1.000000  1.000000  0.999928  0.999993  0.002001  0.022624
H_GD  0.076617  0.999928  0.999928  1.000000  1.000000  0.000550  0.007886
T     0.100376  0.999993  0.999993  1.000000  1.000000  0.000856  0.011349
L     0.803522  0.002001  0.002001  0.000550  0.000856  1.000000  0.994057
HL    0.991137  0.022624  0.022624  0.007886  0.011349  0.994057  1.000000

================================================================================
# Statistical Test on RECALL
Friedman test statistic = 45.5122, p-value = 0.0000
Significant differences detected by Friedman test.

Nemenyi post-hoc test p-values:
            MB      H_VB      H_EM      H_GD         T         L        HL
MB    1.000000  0.184945  0.164894  0.066581  0.100376  0.803522  0.991137
H_VB  0.184945  1.000000  1.000000  0.999615  0.999975  0.002456  0.026664
H_EM  0.164894  1.000000  1.000000  0.999823  0.999993  0.002001  0.022624
H_GD  0.066581  0.999615  0.999823  1.000000  0.999999  0.000439  0.006543
T     0.100376  0.999975  0.999993  0.999999  1.000000  0.000856  0.011349
L     0.803522  0.002456  0.002001  0.000439  0.000856  1.000000  0.994057
HL    0.991137  0.026664  0.022624  0.006543  0.011349  0.994057  1.000000

================================================================================
# Statistical Test on F1
Friedman test statistic = 45.5294, p-value = 0.0000
Significant differences detected by Friedman test.

Nemenyi post-hoc test p-values:
            MB      H_VB      H_EM      H_GD         T         L        HL
MB    1.000000  0.206646  0.164894  0.057656  0.100376  0.803522  0.991137
H_VB  0.206646  1.000000  1.000000  0.998617  0.999928  0.003006  0.031322
H_EM  0.164894  1.000000  1.000000  0.999615  0.999993  0.002001  0.022624
H_GD  0.057656  0.998617  0.999615  1.000000  0.999993  0.000350  0.005411
T     0.100376  0.999928  0.999993  0.999993  1.000000  0.000856  0.011349
L     0.803522  0.003006  0.002001  0.000350  0.000856  1.000000  0.994057
HL    0.991137  0.031322  0.022624  0.005411  0.011349  0.994057  1.000000

================================================================================
# Statistical Test on AUC
Friedman test statistic = 50.8778, p-value = 0.0000
Significant differences detected by Friedman test.

Nemenyi post-hoc test p-values:
            MB      H_VB      H_EM      H_GD         T         L        HL
MB    1.000000  0.945976  0.774849  0.967552  0.999241  0.036671  0.114268
H_VB  0.945976  1.000000  0.999615  1.000000  0.997636  0.000856  0.004462
H_EM  0.774849  0.999615  1.000000  0.998617  0.957723  0.000136  0.000856
H_GD  0.967552  1.000000  0.998617  1.000000  0.999241  0.001316  0.006543
T     0.999241  0.997636  0.957723  0.999241  1.000000  0.007886  0.031322
L     0.036671  0.000856  0.000136  0.001316  0.007886  1.000000  0.999615
HL    0.114268  0.004462  0.000856  0.006543  0.031322  0.999615  1.000000