================================================================================
# Statistical Test on PRECISION
Friedman test statistic = 34.7647, p-value = 0.0000
Significant differences detected by Friedman test.

Nemenyi post-hoc test p-values:
            MB      H_VB      H_EM      H_GD         T         L        HL
MB    1.000000  0.206646  0.100376  0.129608  0.031322  0.830311  0.991137
H_VB  0.206646  1.000000  0.999928  0.999993  0.991137  0.003668  0.645473
H_EM  0.100376  0.999928  1.000000  1.000000  0.999615  0.001063  0.436086
H_GD  0.129608  0.999993  1.000000  1.000000  0.998617  0.001625  0.505031
T     0.031322  0.991137  0.999615  0.998617  1.000000  0.000173  0.206646
L     0.830311  0.003668  0.001063  0.001625  0.000173  1.000000  0.370538
HL    0.991137  0.645473  0.436086  0.505031  0.206646  0.370538  1.000000

================================================================================
# Statistical Test on RECALL
Friedman test statistic = 35.0110, p-value = 0.0000
Significant differences detected by Friedman test.

Nemenyi post-hoc test p-values:
            MB      H_VB      H_EM      H_GD         T         L        HL
MB    1.000000  0.164894  0.114268  0.146463  0.031322  0.803522  0.987221
H_VB  0.164894  1.000000  0.999999  1.000000  0.996166  0.002001  0.610712
H_EM  0.114268  0.999999  1.000000  1.000000  0.999241  0.001063  0.505031
H_GD  0.146463  1.000000  1.000000  1.000000  0.997636  0.001625  0.575532
T     0.031322  0.996166  0.999241  0.997636  1.000000  0.000136  0.230008
L     0.803522  0.002001  0.001063  0.001625  0.000136  1.000000  0.309844
HL    0.987221  0.610712  0.505031  0.575532  0.230008  0.309844  1.000000

================================================================================
# Statistical Test on F1
Friedman test statistic = 34.9360, p-value = 0.0000
Significant differences detected by Friedman test.

Nemenyi post-hoc test p-values:
            MB      H_VB      H_EM      H_GD         T         L        HL
MB    1.000000  0.164894  0.129608  0.129608  0.031322  0.803522  0.987221
H_VB  0.164894  1.000000  1.000000  1.000000  0.996166  0.002001  0.610712
H_EM  0.129608  1.000000  1.000000  1.000000  0.998617  0.001316  0.540215
H_GD  0.129608  1.000000  1.000000  1.000000  0.998617  0.001316  0.540215
T     0.031322  0.996166  0.998617  0.998617  1.000000  0.000136  0.230008
L     0.803522  0.002001  0.001316  0.001316  0.000136  1.000000  0.309844
HL    0.987221  0.610712  0.540215  0.540215  0.230008  0.309844  1.000000

================================================================================
# Statistical Test on AUC
Friedman test statistic = 41.7391, p-value = 0.0000
Significant differences detected by Friedman test.

Nemenyi post-hoc test p-values:
            MB      H_VB      H_EM      H_GD         T         L        HL
MB    1.000000  1.000000  0.975623  0.999615  0.997636  0.003006  0.011349
H_VB  1.000000  1.000000  0.982115  0.999241  0.996166  0.002456  0.009475
H_EM  0.975623  0.982115  1.000000  0.855064  0.774849  0.000065  0.000350
H_GD  0.999615  0.999241  0.855064  1.000000  0.999999  0.013551  0.042787
T     0.997636  0.996166  0.774849  0.999999  1.000000  0.022624  0.066581
L     0.003006  0.002456  0.000065  0.013551  0.022624  1.000000  0.999823
HL    0.011349  0.009475  0.000350  0.042787  0.066581  0.999823  1.000000