================================================================================
# Statistical Test on PRECISION
Friedman test statistic = 42.8680, p-value = 0.0000
Significant differences detected by Friedman test.

Nemenyi post-hoc test p-values:
            MB      H_VB      H_EM      H_GD         T         L        HL
MB    1.000000  0.255021  0.087853  0.087853  0.001625  0.991137  0.000439
H_VB  0.255021  1.000000  0.999241  0.999241  0.645473  0.042787  0.436086
H_EM  0.087853  0.999241  1.000000  1.000000  0.898068  0.009475  0.744477
H_GD  0.087853  0.999241  1.000000  1.000000  0.898068  0.009475  0.744477
T     0.001625  0.645473  0.898068  0.898068  1.000000  0.000065  0.999928
L     0.991137  0.042787  0.009475  0.009475  0.000065  1.000000  0.000014
HL    0.000439  0.436086  0.744477  0.744477  0.999928  0.000014  1.000000

================================================================================
# Statistical Test on RECALL
Friedman test statistic = 45.6890, p-value = 0.0000
Significant differences detected by Friedman test.

Nemenyi post-hoc test p-values:
            MB      H_VB      H_EM      H_GD         T         L        HL
MB    1.000000  0.370538  0.036671  0.019133  0.000065  1.000000  0.000173
H_VB  0.370538  1.000000  0.957723  0.898068  0.129608  0.309844  0.206646
H_EM  0.036671  0.957723  1.000000  0.999993  0.679535  0.026664  0.803522
H_GD  0.019133  0.898068  0.999993  1.000000  0.803522  0.013551  0.898068
T     0.000065  0.129608  0.679535  0.803522  1.000000  0.000040  0.999993
L     1.000000  0.309844  0.026664  0.013551  0.000040  1.000000  0.000107
HL    0.000173  0.206646  0.803522  0.898068  0.999993  0.000107  1.000000

================================================================================
# Statistical Test on F1
Friedman test statistic = 45.9494, p-value = 0.0000
Significant differences detected by Friedman test.

Nemenyi post-hoc test p-values:
            MB      H_VB      H_EM      H_GD         T         L        HL
MB    1.000000  0.505031  0.066581  0.036671  0.000173  0.998617  0.000439
H_VB  0.505031  1.000000  0.957723  0.898068  0.129608  0.206646  0.206646
H_EM  0.066581  0.957723  1.000000  0.999993  0.679535  0.013551  0.803522
H_GD  0.036671  0.898068  0.999993  1.000000  0.803522  0.006543  0.898068
T     0.000173  0.129608  0.679535  0.803522  1.000000  0.000014  0.999993
L     0.998617  0.206646  0.013551  0.006543  0.000014  1.000000  0.000040
HL    0.000439  0.206646  0.803522  0.898068  0.999993  0.000040  1.000000

================================================================================
# Statistical Test on AUC
Friedman test statistic = 37.0411, p-value = 0.0000
Significant differences detected by Friedman test.

Nemenyi post-hoc test p-values:
            MB      H_VB      H_EM      H_GD         T         L        HL
MB    1.000000  0.945976  0.057656  0.129608  0.679535  0.575532  0.036671
H_VB  0.945976  1.000000  0.505031  0.712624  0.997636  0.076617  0.402786
H_EM  0.057656  0.505031  1.000000  0.999928  0.855064  0.000065  0.999999
H_GD  0.129608  0.712624  0.999928  1.000000  0.957723  0.000277  0.999241
T     0.679535  0.997636  0.855064  0.957723  1.000000  0.013551  0.774849
L     0.575532  0.076617  0.000065  0.000277  0.013551  1.000000  0.000031
HL    0.036671  0.402786  0.999999  0.999241  0.774849  0.000031  1.000000